0 16 12 0 1104 1104
71 16 12 0 240 240
89 16 12 0 1024 1024
155 16 12 0 912 912
16 12 0 0
20 12 2 0
21 12 0 0
22 12 2 0
23 12 0 0
24 12 2 0
22 8 0 0
77 12 2 0
78 12 0 0
79 12 2 0
80 8 2 0
81 8 2 0
82 8 2 0
83 8 2 0
84 8 2 0
85 8 2 0
86 8 2 0
87 8 2 0
91 8 2 0
92 8 2 0
93 8 2 0
94 8 0 0
94 12 0 0
100 12 2 0
101 12 2 0
102 12 2 0
103 12 2 0
106 12 0 0
109 12 0 0
112 12 0 0
109 8 0 0
118 12 2 0
121 8 2 0
122 8 2 0
123 8 2 0
128 8 2 0
129 8 0 0
129 12 2 0
130 12 2 0
130 8 0 0
131 8 2 0
134 15 13 0
135 14 13 0
136 13 13 0
137 12 13 0
137 13 13 0
137 14 13 0
137 15 13 0
143 15 13 0
142 14 13 0
141 13 13 0
140 12 13 0
140 13 13 0
140 14 13 0
140 15 13 0
148 15 13 0
149 14 13 0
150 13 13 0
151 12 13 0
152 12 13 0 
152 13 13 0
152 14 13 0
152 15 13 0
158 15 13 0
157 14 13 0
156 13 13 0
155 12 13 0
155 13 13 0
155 14 13 0
155 15 13 0
168 12 2 0
169 12 2 0
170 12 0 0
171 12 2 0
181 15 13 0